Season,Site,Transect,Transect#,LAT,LONG,Dist_coast_km,Water_Depth_cm,Soil_Depth_cm,Soil_Type,Mat_Type,SW_Cond_mS.cm,STDEV_SW_Cond_mS.cm,PW_Cond_mS.cm,STDEV_PW_Cond_mS.cm,Peri_Biovol_mL.m2,STDEV_Peri_Biovol_mL.m2,DryWt_g.m2,AFDW_g.m2,AshWt_g.m2,STDEV_DryWt_g.m2,STDEV_AFDW_g.m2,STDEV_AshWt_g.m2,Prcnt_Organic,Prcnt_Mineral,Chla_ug.g.drywt,STDEV_Chla_ug.g.drywt,TP_mcrg.g,STDEV_TP_mcrg.g
Dry2014,MPR_0,MPR,1,25.33578,-80.80472,17.01,0,29,2,1,-9999,-9999,-9999,-9999,10578.6,2082.0,3119.9,977.9,2142.0,1310.0,331.6,988.8,31.3,68.7,34.9,6.9,41.7,6.03
Dry2014,MPR_1,MPR,1,25.32958,-80.79942,16.39,0.0,16,2,1,-9999,-9999,-9999,-9999,11226.3,1530.4,4402.6,1038.3,3364.3,708.4,196.7,529.4,23.6,76.4,50.7,11.6,37.3,4.38
Dry2014,MPR_2,MPR,1,25.32175,-80.79778,15.53,0.0,22,2,1,-9999,-9999,-9999,-9999,9067.4,2823.1,3100.2,957.6,2142.5,1340.5,358.4,996.4,30.9,69.1,57.9,5.7,46.9,10.22
Dry2014,MPR_3,MPR,1,25.31433,-80.79786,14.71,0.0,24,2,1,-9999,-9999,-9999,-9999,9196.9,2179.1,3327.4,938.0,2389.4,1249.6,332.2,917.5,28.2,71.8,102.5,31.3,74.4,20.92
Dry2014,MPR_4,MPR,1,25.30692,-80.79786,13.90,0.0,26,2,1,-9999,-9999,-9999,-9999,13428.3,5372.7,5754.5,1647.7,4106.9,2450.7,630.7,1823.5,28.6,71.4,109.6,34.8,46.5,10.69
Dry2014,MPR_5,MPR,1,25.29978,-80.79794,13.16,0.0,6,2,1,-9999,-9999,-9999,-9999,9456.0,3901.1,4392.8,1196.6,3196.2,1939.3,608.3,1331.7,27.2,72.8,88.1,53.0,67.3,27.10
Dry2014,MPR_6,MPR,1,25.29325,-80.79767,12.44,0.0,-9999,2,1,-9999,-9999,0.516,0.040,6865.3,1352.4,1157.3,349.2,808.1,245.1,55.2,189.9,30.2,69.8,199.1,138.4,92.2,18.34
Dry2014,MPR_7,MPR,1,25.28583,-80.79786,11.56,0.0,55,4,3,-9999,-9999,1.506,0.058,4857.5,971.5,471.9,178.6,293.4,138.3,53.3,85.1,37.8,62.2,285.5,56.2,146.1,25.93
Dry2014,MPR_8,MPR,1,25.27864,-80.79792,10.77,0.0,25,2,3,-9999,-9999,1.887,0.066,8419.7,1943.0,588.9,287.4,301.6,99.6,80.0,27.5,48.8,51.2,345.5,41.2,154.6,13.85
Dry2014,MPR_9,MPR,1,25.26406,-80.79947,9.15,0.0,78,3,0,-9999,-9999,0.643,0.027,-9999,-9999,53.5,45.6,7.9,19.4,16.9,2.5,85.2,14.8,506.1,186.1,392.4,67.64
Dry2014,MPR_10,MPR,1,25.25397,-80.79767,8.09,0.0,15,1,6,-9999,-9999,-9999,-9999,-9999,-9999,101.3,42.0,59.2,6.4,1.9,4.8,41.5,58.5,330.0,30.6,456.0,42.10
Dry2014,MPR_11,MPR,1,25.24019,-80.80981,6.37,0.0,101,3,6,-9999,-9999,4.077,0.319,-9999,-9999,27.1,22.4,4.7,3.7,2.9,0.9,82.6,17.4,304.7,95.9,300.4,9.12
Dry2014,MPR_12,MPR,1,25.23058,-80.82569,7.75,0.0,101,3,6,-9999,-9999,7.327,1.518,-9999,-9999,38.5,30.0,8.4,15.9,12.6,3.4,78.1,21.9,525.9,165.7,298.7,56.56
Dry2014,MPR_13,MPR,1,25.22369,-80.83714,5.42,0.0,101,3,6,-9999,-9999,6.210,0.784,-9999,-9999,44.2,36.0,8.2,6.1,5.0,1.1,81.4,18.6,592.3,138.1,371.3,54.56
Dry2014,SAL_1N,SAL1,2,25.31520,-80.74263,16.70,0.0,20,2,1,-9999,-9999,1.654,0.163,5569.9,342.7,1723.7,454.5,1269.1,183.2,44.2,143.5,26.4,73.6,101.9,54.1,51.0,4.50
Dry2014,SAL_1C,SAL1,2,25.27325,-80.74483,12.01,0.0,26,2,1,-9999,-9999,0.918,0.086,6390.3,3090.8,1156.2,331.5,824.7,526.2,130.8,396.6,28.7,71.3,99.9,9.8,40.8,8.05
Dry2014,SAL_1S,SAL1,2,25.26272,-80.74712,10.84,16.0,41,2,3,0.579,0.051,0.890,0.235,5397.2,4312.4,863.0,238.3,624.7,467.5,160.4,307.3,27.6,72.4,133.5,42.5,48.8,16.06
Dry2014,SAL_1SS1,SAL1,2,25.23978,-80.75078,9.77,0.0,67,3,6,-9999,-9999,0.977,0.172,2633.9,713.4,157.4,125.1,32.3,101.0,86.8,14.2,79.5,20.5,529.4,221.6,176.4,52.47
Dry2014,SAL_1SS2,SAL1,2,25.22992,-80.75522,7.76,0.0,101,3,0,-9999,-9999,9.330,2.077,-9999,-9999,27.5,22.2,5.3,13.4,10.5,2.9,80.9,19.1,265.3,140.3,215.5,16.23
Dry2014,SAL_2N,SAL2,4,25.26297,-80.61197,6.94,1.2,56,2,1,7.31,0.195,7.867,0.792,5073.4,674.1,631.4,216.1,415.3,280.5,72.6,209.8,34.2,65.8,120.0,52.4,47.8,11.64
Dry2014,SAL_2C,SAL2,4,25.25258,-80.60853,5.48,10.0,85,2,1,14.2,0.132,8.570,3.547,8009.5,356.7,906.4,222.1,684.3,45.3,15.1,30.5,24.5,75.5,188.3,81.5,37.4,7.36
Dry2014,SAL_2S,SAL2,4,25.24100,-80.60407,4.40,10.0,91,2,1,14.7,0.279,12.750,1.752,9477.5,208.2,1200.7,225.2,975.5,49.6,3.7,51.2,18.8,81.2,223.1,76.4,51.9,4.50
Dry2014,SAL_2SS1,SAL2,4,25.23093,-80.60322,3.15,14.0,101,2,1&3,27.1,1.601,24.933,1.380,4641.6,815.0,543.9,125.4,418.5,115.2,26.6,88.6,23.1,76.9,248.6,35.1,81.8,20.14
Dry2014,SAL_3N,SAL3,5,25.27775,-80.55568,7.22,0.0,67,2,1,-9999,-9999,5.943,0.535,7772.0,2243.6,1013.6,351.9,661.6,94.3,26.8,104.9,34.7,65.3,76.8,31.4,50.4,7.77
Dry2014,SAL_3C,SAL3,5,25.26678,-80.55593,6.01,0.0,80,2,2,-9999,-9999,21.300,0.954,7772.0,2590.7,1630.0,337.5,1292.5,540.9,113.0,428.2,20.7,79.3,70.7,44.2,32.8,6.46
Dry2014,SAL_3S,SAL3,5,25.25547,-80.55568,4.76,14.0,86,2,2,36.3,1.518,23.260,5.961,-9999,-9999,109.0,13.8,95.2,3.3,1.3,2.4,12.6,87.4,104.4,40.5,45.7,9.51
Dry2014,SAL_4N,SAL4,6,25.27328,-80.47347,6.81,0.0,101,2,1,-9999,-9999,17.120,12.810,14680.5,2991.5,3708.6,918.0,2790.6,591.7,131.9,459.8,24.8,75.2,57.3,6.2,37.9,8.97
Dry2014,SAL_4C,SAL4,6,25.25272,-80.47008,4.68,1.0,101,2,2,55.2,0.404,53.033,1.079,3886.0,0.0,733.5,120.8,612.7,92.7,17.3,77.2,16.5,83.5,63.1,3.2,59.5,6.00
Dry2014,SAL_4S,SAL4,6,25.24612,-80.46732,2.91,14.0,101,2,2,55.2,0.173,48.733,1.858,1554.4,0.0,279.2,37.4,241.9,111.9,3.4,110.6,13.4,86.6,20.2,19.8,44.5,5.67
Dry2014,SAL_5W,SAL5,7,25.33012,-80.42462,5.00,0.0,35,2,1,-9999,-9999,26.633,0.153,6908.5,747.9,3983.5,935.6,3047.9,679.2,205.1,480.8,23.5,76.5,46.5,4.3,21.8,5.04
Dry2014,SAL_5N,SAL5,7,25.31678,-80.40525,2.90,13.0,101,2,3,47.1,0.306,43.067,4.366,1943.0,647.7,250.0,61.0,189.0,58.4,19.1,39.9,24.4,75.6,135.5,54.5,86.5,9.84
Dry2014,SAL_5C,SAL5,7,25.31142,-80.40125,2.28,5.0,101,2,2,58.0,0.643,54.733,2.155,1640.8,37.4,319.9,52.1,267.8,81.4,13.7,67.8,16.3,83.7,45.5,5.7,54.3,6.75
Dry2014,SAL_5S,SAL5,7,25.30622,-80.40253,1.81,7.0,101,2,2,54.05,5.020,59.333,0.764,1554.4,0.0,417.6,67.3,350.3,26.9,19.8,32.2,16.1,83.9,20.8,3.4,31.3,3.56
Dry2014,SAL_6N,SAL6,3,25.25188,-80.66793,6.79,0.0,64,2,3,-9999,-9999,1.684,0.309,14248.7,1295.3,5044.7,1332.6,3712.1,685.2,54.8,636.4,26.4,73.6,30.2,8.3,30.7,3.82
Dry2014,SAL_6S,SAL6,3,25.23118,-80.66447,4.50,9.0,70,2,3,13.7,0.200,11.710,0.246,3670.1,373.9,252.6,85.7,166.9,24.4,13.6,20.1,33.9,66.1,123.2,30.7,70.9,19.10
Dry2014,SAL_6SS1,SAL6,3,25.21875,-80.66362,3.18,14.0,100,2,3,16.2,4.718,17.093,0.072,5397.2,2274.5,601.7,153.3,448.4,383.8,91.6,292.8,25.5,74.5,122.6,34.1,73.6,3.65
Dry2014,SAL_6SS2,SAL6,3,25.20812,-80.66068,1.98,17.0,101,3,4,7.7,0.359,7.067,0.414,3670.1,1348.2,166.3,138.1,28.2,60.4,51.9,8.5,83.0,17.0,291.3,73.1,246.0,40.50
Dry2015,MPR_0,MPR,1,25.335778,-80.804722,17.01,0.0,16,2,1,-9999,-9999,-9999,-9999,4533.7,1121.8,3871.6,930.5,2941.1,929.9,198.7,762.6,24.0,76.0,63.7,9.3,61.7,25.8
Dry2015,MPR_1,MPR,1,25.329583,-80.799417,16.39,0.0,16,2,1,-9999,-9999,-9999,-9999,9715.0,1121.8,7540.1,1551.2,5988.8,794.4,81.6,722.4,20.6,79.4,53.3,10.4,48.7,10.0
Dry2015,MPR_2,MPR,1,25.321750,-80.797778,15.53,0.0,13,2,1,-9999,-9999,-9999,-9999,4533.7,2335.2,3525.2,1010.5,2514.7,1936.8,469.5,1467.5,28.7,71.3,41.8,18.0,60.1,25.4
Dry2015,MPR_3,MPR,1,25.314333,-80.797861,14.71,0.0,12,2,1,-9999,-9999,-9999,-9999,9067.4,2243.6,9101.6,2161.6,6940.0,1702.2,400.6,1324.1,23.7,76.3,47.1,7.5,123.3,35.4
Dry2015,MPR_4,MPR,1,25.306917,-80.797861,13.90,0.0,4,2,1,-9999,-9999,-9999,-9999,6044.9,1978.7,5923.0,1428.4,4494.6,2011.1,605.3,1407.1,24.1,75.9,39.2,12.5,45.7,12.4
Dry2015,MPR_5,MPR,1,25.299778,-80.797944,13.16,0.0,9,2,1,-9999,-9999,-9999,-9999,9067.4,2243.6,6068.7,1653.1,4415.6,3320.5,997.0,2333.3,27.2,72.8,81.8,22.3,92.2,24.0
Dry2015,MPR_6,MPR,1,25.293250,-80.797667,12.44,0.0,21,2,1,-9999,-9999,-9999,-9999,2590.7,0.0,777.0,255.9,521.0,98.3,45.3,60.7,32.9,67.1,227.3,58.6,110.0,26.0
Dry2015,MPR_7,MPR,1,25.285833,-80.797861,11.56,0.0,37,2,1,-9999,-9999,2.746,0.086,9283.2,2617.5,900.8,335.5,565.3,180.6,63.2,121.3,37.2,62.8,259.5,41.6,137.8,24.8
Dry2015,MPR_8,MPR,1,25.278639,-80.797917,10.77,0.0,39,4,1,-9999,-9999,2.768,0.230,10837.7,2718.2,572.5,256.5,316.0,136.0,54.3,94.1,44.8,55.2,356.0,75.5,232.7,48.4
Dry2015,MPR_9,MPR,1,25.264056,-80.799472,9.15,0.0,72,3,6,-9999,-9999,3.288,0.059,1295.3,0.0,33.4,27.7,5.8,19.3,15.9,3.4,82.7,17.3,920.7,237.1,608.0,37.7
Dry2015,MPR_10,MPR,1,25.253972,-80.797667,8.09,12.0,0.5,1,4,5.893,0.015,-9999,-9999,1943.0,388.6,62.3,19.4,42.9,27.8,9.7,19.3,31.1,68.9,287.3,57.1,809.6,130.0
Dry2015,MPR_11,MPR,1,25.240194,-80.809806,6.37,0.0,101,3,6,-9999,-9999,-9999,-9999,1295.3,0.0,115.0,83.6,31.4,25.2,20.7,4.7,72.7,27.3,263.5,35.9,474.9,105.2
Dry2015,MPR_12,MPR,1,25.230583,-80.825694,7.75,0.5,101,3,6,13.697,1.114,12.140,0.255,1295.3,0.0,57.1,36.5,20.6,16.9,15.4,1.8,63.9,36.1,695.1,172.2,523.2,56.8
Dry2015,MPR_13,MPR,1,25.223694,-80.837139,5.42,0.0,101,3,6,-9999,-9999,30.300,3.835,1295.3,0.0,54.6,35.6,19.0,64.4,41.6,22.8,65.1,34.9,491.6,341.5,945.4,260.1
Dry2015,SAL_1N,SAL1,2,25.315200,-80.742633,16.70,0.0,17,2,1,-9999,-9999,2.063,0.297,8894.6,1277.9,3968.1,1069.5,2898.6,1325.7,360.5,968.9,27.0,73.0,87.5,7.9,91.7,17.1
Dry2015,SAL_1C,SAL1,2,25.273250,-80.744833,12.01,0.0,17,2,3,0.874,0.021,1.288,0.199,6044.9,2696.5,766.2,200.1,566.0,273.4,103.9,178.1,26.1,73.9,91.7,14.8,92.3,30.9
Dry2015,SAL_1S,SAL1,2,25.262717,-80.747117,10.84,22.0,43,2,1,0.852,0.040,1.333,0.082,11139.9,2120.6,912.4,266.9,645.5,284.2,82.4,201.9,29.3,70.7,142.7,19.4,59.5,31.7
Dry2015,SAL_1SS1,SAL1,2,25.239783,-80.750783,9.77,12.0,77,3,6,1.250,0.148,1.394,0.199,3454.2,747.9,98.1,80.9,17.2,2.2,8.3,6.8,82.5,17.5,328.5,106.3,250.6,35.5
Dry2015,SAL_1SS2,SAL1,2,25.229917,-80.755217,7.76,0.0,101,3,6,-9999,-9999,12.847,2.237,-9999,-9999,28.5,23.0,5.5,1.3,1.4,0.2,23.8,5.7,278.0,138.5,419.5,60.1
Dry2015,SAL_2N,SAL2,4,25.262967,-80.611967,6.94,1.0,76,4,1,4.140,0.353,9.000,1.000,2288.4,326.0,266.7,104.4,162.2,222.3,87.7,139.2,39.2,60.8,130.6,50.2,123.3,40.5
Dry2015,SAL_2C,SAL2,4,25.252583,-80.608533,5.48,11.0,88,2,1,14.047,0.084,16.000,1.300,5526.8,598.3,772.7,180.3,592.4,40.9,15.5,30.8,23.3,76.7,119.1,12.0,93.4,41.1
Dry2015,SAL_2S,SAL2,4,25.241000,-80.604067,4.40,14.0,87,2,1,21.720,0.149,18.000,2.700,6131.3,1645.3,979.2,231.8,747.3,163.4,47.0,121.4,23.7,76.3,134.0,22.6,82.5,17.6
Dry2015,SAL_2SS1,SAL2,4,25.230933,-80.603217,3.15,15.0,101,4,6,41.533,0.306,22.260,1.161,1295.3,0.0,90.4,29.8,60.6,14.3,10.8,3.8,33.0,67.0,231.8,173.4,279.3,48.3
Dry2015,SAL_3N,SAL3,5,25.277750,-80.555683,7.22,10.0,94,4,1,6.430,0.360,9.643,1.318,4749.6,2696.5,678.5,90.6,587.9,448.7,72.0,515.9,13.3,86.7,114.8,25.2,65.9,16.5
Dry2015,SAL_3C,SAL3,5,25.266783,-80.555933,6.01,9.0,77,2,2,32.323,0.105,22.220,5.768,2590.7,0.0,486.7,84.9,401.8,101.7,6.1,102.1,17.5,82.5,91.7,56.2,76.2,21.5
Dry2015,SAL_3S,SAL3,5,25.255467,-80.555683,4.76,23.0,82,2,2,46.933,0.058,24.627,6.536,4317.8,1978.7,1115.6,219.1,896.6,560.7,121.6,439.8,19.6,80.4,62.3,14.5,65.0,10.1
Dry2015,SAL_4N,SAL4,6,25.273283,-80.473467,6.81,0.0,101,2,1,-9999,-9999,1.285,0.268,8635.6,2696.5,1908.4,450.2,1458.2,684.8,165.6,519.3,23.6,76.4,93.1,15.8,68.0,14.5
Dry2015,SAL_4C,SAL4,6,25.252717,-80.470083,4.68,13.0,101,2,2,57.633,0.252,43.443,5.651,1295.3,0.0,394.6,55.1,339.5,40.6,5.3,37.0,14.0,86.0,57.2,29.2,110.1,13.4
Dry2015,SAL_4S,SAL4,6,25.246117,-80.467317,2.91,30.0,101,2,2,43.000,1.500,50.000,4.100,1727.1,747.9,355.3,61.5,293.8,176.9,37.4,139.6,17.3,82.7,87.1,9.4,150.9,22.2
Dry2015,SAL_5W,SAL5,7,25.330117,-80.424617,5.00,0.0,47,4,1,-9999,-9999,19.000,0.600,8549.2,934.1,3229.0,1595.5,1633.5,972.2,2084.9,1566.5,49.4,50.6,85.8,55.2,55.1,14.0
Dry2015,SAL_5N,SAL5,7,25.3167833,-80.40525,2.90,29.0,101,2,2,7.000,0.800,31.000,2.500,1295.3,0.0,268.7,131.6,137.1,17.0,110.1,119.4,49.0,51.0,75.1,8.1,84.2,26.7
Dry2015,SAL_5C,SAL5,7,25.3114167,-80.40125,2.28,15.0,101,2,2,9.000,0.100,45.000,1.800,1943.0,0.0,417.1,78.8,338.3,50.5,12.8,37.9,18.9,81.1,48.2,2.7,56.4,9.4
Dry2015,SAL_5S,SAL5,7,25.306217,-80.402533,1.81,18.0,101,2,2,10.000,0.300,49.000,3.400,2158.9,747.9,530.1,283.6,246.5,194.4,355.0,242.0,53.5,46.5,50.5,13.3,81.1,16.7
Dry2015,SAL_6N,SAL6,3,25.251883,-80.667933,6.79,0.0,84,2,1,-9999,-9999,2.000,0.500,6476.7,1295.3,1668.3,430.2,1238.2,200.0,67.1,133.0,25.8,74.2,121.7,17.2,78.5,11.8
Dry2015,SAL_6S,SAL6,3,25.231183,-80.664467,4.50,0.0,69,4,6,-9999,-9999,13.000,3.400,2590.7,0.0,332.0,164.9,167.2,25.5,145.6,148.1,49.7,50.3,225.9,36.1,234.4,34.9
Dry2015,SAL_6SS1,SAL6,3,25.218750,-80.663617,3.18,23.0,98,2,0,10.000,0.500,15.000,0.400,647.7,0.0,62.2,17.0,45.2,14.9,4.4,10.6,27.4,72.6,340.0,67.4,244.5,63.7
Dry2015,SAL_6SS2,SAL6,3,25.208117,-80.660683,1.98,0.0,101,3,6,19.000,-9999,15.000,1.500,1295.3,0.0,102.9,53.5,49.4,15.9,25.0,12.1,52.0,48.0,420.7,64.9,307.0,46.5
Wet2014,MPR_0,MPR,1,25.335778,-80.804722,17.01,6.0,18,2,1,0.374,0.006,-9999,-9999,8851.5,815.0,932.5,277.6,654.9,89.6,34.7,55.3,29.8,70.2,109.1,55.9,43.7,12.7
Wet2014,MPR_1,MPR,1,25.329583,-80.799417,16.39,4.0,36,2,1,0.333,0.026,-9999,-9999,5937.0,1226.0,542.2,164.1,378.1,141.8,46.2,95.9,30.3,69.7,163.0,36.1,34.8,11.8
Wet2014,MPR_2,MPR,1,25.321750,-80.797778,15.53,15.0,15,2,1,0.319,0.003,-9999,-9999,8009.5,648.7,680.1,232.7,447.5,85.1,20.3,65.0,34.2,65.8,210.9,12.3,33.1,6.6
Wet2014,MPR_3,MPR,1,25.314333,-80.797861,14.71,15.0,10,2,1&2,0.324,0.004,-9999,-9999,5181.3,323.8,338.8,109.8,229.0,135.7,39.6,96.0,32.4,67.6,233.1,56.6,37.0,9.0
Wet2014,MPR_4,MPR,1,25.306917,-80.797861,13.90,12.0,21,2,1,0.291,0.007,-9999,-9999,7880.0,1137.3,685.6,188.6,497.0,235.2,53.1,182.1,27.5,72.5,122.8,79.3,34.9,17.4
Wet2014,MPR_5,MPR,1,25.299778,-80.797944,13.16,18.0,6,2,1,0.297,0.006,-9999,-9999,8203.8,1978.7,631.1,195.8,435.3,213.3,68.3,145.0,31.0,69.0,301.7,41.1,88.1,53.3
Wet2014,MPR_6,MPR,1,25.293250,-80.797667,12.44,29.0,48,2,1,0.403,0.005,-9999,-9999,6260.8,1629.9,305.8,110.6,195.2,81.1,24.3,56.8,36.2,63.8,154.0,54.7,34.8,12.5
Wet2014,MPR_7,MPR,1,25.285833,-80.797861,11.56,20.0,18,2,1,0.463,0.032,-9999,-9999,10362.7,1295.3,395.9,154.3,241.5,74.8,28.6,46.2,39.0,61.0,166.4,83.0,25.5,27.5
Wet2014,MPR_8,MPR,1,25.278639,-80.797917,10.77,30.0,23,2,1,0.451,0.007,-9999,-9999,15975.8,747.9,550.6,223.0,327.7,99.8,30.4,69.6,40.5,59.5,340.4,57.7,68.2,5.5
Wet2014,MPR_9,MPR,1,25.264056,-80.799472,9.15,21.0,73,3,6,0.651,0.008,-9999,-9999,6476.7,1295.3,164.7,139.5,25.2,79.8,69.8,10.0,84.7,15.3,873.6,113.9,335.1,16.3
Wet2014,MPR_10,MPR,1,25.253972,-80.797667,8.09,21.0,101,1,6,2.021,0.009,-9999,-9999,3670.1,989.3,292.0,87.6,204.4,132.3,24.6,108.6,30.0,70.0,510.1,21.6,441.4,75.3
Wet2014,MPR_11,MPR,1,25.240194,-80.809806,6.37,21.0,101,3,6,1.189,0.403,7.543,0.317,1943.0,1295.3,44.5,36.3,8.3,34.7,28.5,6.3,81.4,18.6,665.9,199.3,290.8,100.3
Wet2014,MPR_12,MPR,1,25.230583,-80.825694,7.75,18.0,13,3,6,4.061,0.051,-9999,-9999,2590.7,647.7,81.8,68.3,13.5,28.5,28.1,0.7,83.5,16.5,1073.5,756.1,362.2,62.0
Wet2014,MPR_13,MPR,1,25.223694,-80.837139,5.42,26.0,101,3,6,4.202,0.124,7.143,0.517,2374.8,989.3,55.0,41.5,13.5,55.4,41.5,13.9,75.4,24.6,1552.6,251.4,686.7,131.3
Wet2014,SAL_1N,SAL1,2,25.315200,-80.74263,16.70,27.0,34,2,1,0.512,0.037,1.905,0.799,4965.5,989.3,240.9,85.4,155.5,85.5,19.7,66.9,35.5,64.5,122.5,70.1,24.8,5.6
Wet2014,SAL_1C,SAL1,2,25.273250,-80.744833,12.01,28.0,34,2,1,0.603,0.017,1.283,0.142,6994.8,2120.6,461.8,135.2,326.6,167.5,45.3,122.2,29.3,70.7,205.4,141.5,31.0,10.5
Wet2014,SAL_1S,SAL1,2,25.262717,-80.747117,10.84,37.0,45,2,1,0.539,0.004,1.314,0.024,7772.0,1295.3,852.9,244.4,608.5,466.2,115.3,350.9,28.7,71.3,171.5,57.6,46.7,10.0
Wet2014,SAL_1SS1,SAL1,2,25.239783,-80.750783,9.77,38.0,72,3,6,0.779,0.003,1.143,0.177,1295.3,0.0,40.4,36.3,4.2,12.6,11.1,1.5,89.7,10.3,1051.4,530.5,146.8,46.7
Wet2014,SAL_1SS2,SAL1,2,25.229917,-80.755217,7.76,18.0,101,3,6,1.399,0.081,10.177,2.869,2504.3,1303.9,53.1,46.2,6.8,22.1,19.4,2.7,87.1,12.9,1084.3,197.5,221.8,52.0
Wet2014,SAL_2N,SAL2,4,25.262967,-80.611967,6.94,28.0,63,2,1,0.414,0.020,6.038,3.710,4663.2,1129.2,287.4,113.0,174.4,77.8,28.2,53.6,39.3,60.7,227.4,64.9,40.9,7.4
Wet2014,SAL_2C,SAL2,4,25.252583,-80.608533,5.48,28.0,67,2,1,0.792,0.090,15.657,0.948,6563.0,2595.0,655.8,154.2,501.6,314.7,78.3,237.5,23.5,76.5,241.0,28.5,49.7,10.4
Wet2014,SAL_2S,SAL2,4,25.241000,-80.604067,4.40,28.0,101,2,1,1.281,0.017,14.093,1.938,5181.3,4487.2,524.1,101.0,423.1,517.2,95.5,421.7,19.3,80.7,214.1,22.7,46.8,10.8
Wet2014,SAL_2SS1,SAL2,4,25.230933,-80.603217,3.15,29.0,101,2,1,1.372,0.015,17.720,1.074,-9999,-9999,66.2,21.1,45.1,22.6,6.2,16.5,31.8,68.2,386.8,44.3,61.4,4.9
Wet2014,SAL_3N,SAL3,5,25.277750,-80.555683,7.22,27.0,64,4,1,0.572,0.026,7.483,1.159,10794.5,3739.3,737.0,281.1,455.9,178.7,73.8,105.8,38.1,61.9,213.3,123.5,50.0,18.9
Wet2014,SAL_3C,SAL3,5,25.266783,-80.555933,6.01,26.0,71,4,1,0.855,0.012,14.700,3.051,7772.0,4922.3,820.0,191.5,628.5,491.7,118.5,373.8,23.4,76.6,183.8,68.9,46.0,5.0
Wet2014,SAL_3S,SAL3,5,25.255467,-80.555683,4.76,33.0,77,2,1,1.159,0.010,9.987,2.032,-9999,-9999,106.9,27.3,79.6,27.1,7.9,19.2,25.5,74.5,200.1,74.9,35.9,6.7
Wet2014,SAL_4N,SAL4,6,25.273283,-80.473467,6.81,15.0,101,2,1,0.559,0.006,1.597,0.334,6951.6,1006.1,558.9,161.3,397.6,74.6,18.6,56.0,28.9,71.1,309.3,218.9,44.5,16.9
Wet2014,SAL_4C,SAL4,6,25.252717,-80.470083,4.68,28.0,101,2,1,1.965,0.028,21.280,9.558,-9999,-9999,83.0,27.1,55.9,9.7,4.5,5.6,32.7,67.3,229.0,19.1,75.1,4.8
Wet2014,SAL_4S,SAL4,6,25.246117,-80.467317,2.91,39.0,101,2,1,10.117,0.061,22.840,4.281,-9999,-9999,85.7,25.2,60.4,19.9,5.8,14.1,29.5,70.5,153.5,13.2,76.6,8.1
Wet2014,SAL_5W,SAL5,7,25.330117,-80.424617,5.00,18.0,27,2,1,1.729,0.027,13.990,3.606,10362.7,1295.3,816.5,249.1,567.5,294.1,78.5,216.1,30.5,69.5,221.0,51.2,37.8,16.2
Wet2014,SAL_5N,SAL5,7,25.3167833,-80.40525,2.90,24.0,101,2,1,6.300,0.100,29.270,3.933,-9999,-9999,108.6,33.4,75.2,1.1,1.8,1.2,30.7,69.3,190.8,42.6,46.5,5.3
Wet2014,SAL_5C,SAL5,7,25.3114167,-80.40125,2.28,20.0,101,2,1,13.800,0.100,32.860,4.979,-9999,-9999,162.3,39.2,123.1,15.9,2.2,13.7,24.2,75.8,118.1,25.3,41.2,3.7
Wet2014,SAL_5S,SAL5,7,25.306217,-80.402533,1.81,26.0,101,2,1,6.580,0.114,30.353,10.705,-9999,-9999,194.7,41.8,152.9,30.2,8.6,21.7,21.5,78.5,126.7,34.3,50.9,9.9
Wet2014,SAL_6N,SAL6,3,25.251883,-80.667933,6.79,29.0,70,2,1,0.336,0.008,1.747,0.149,9240.1,3290.6,1056.0,275.9,780.1,546.8,134.6,412.5,26.1,73.9,118.2,29.0,41.7,9.9
Wet2014,SAL_6S,SAL6,3,25.231183,-80.664467,4.50,41.0,68,4,4,0.672,0.071,16.090,3.380,1727.1,747.9,62.1,26.5,35.7,22.9,10.2,14.1,42.6,57.4,353.1,99.3,113.5,43.4
Wet2014,SAL_6SS1,SAL6,3,25.218750,-80.663617,3.18,39.0,73,2,1,2.399,0.016,15.363,2.473,-9999,-9999,18.5,7.6,10.9,2.6,0.7,2.0,41.2,58.8,425.1,59.9,71.6,11.7
Wet2014,SAL_6SS2,SAL6,3,25.208117,-80.660683,1.98,22.0,101,3,6,3.517,0.265,13.403,1.898,1727.1,747.9,58.3,49.5,8.8,14.5,11.9,2.7,84.9,15.1,1063.2,61.3,392.3,55.3
Wet2015,MPR_0,MPR,1,25.335778,-80.804722,17.01,22.0,24,2,1,0.298,0.004,0.244,-9999,5181.3,647.7,504.2,146.4,357.8,177.0,44.7,132.3,29.0,71.0,131.1,85.0,52.3,8.9
Wet2015,MPR_1,MPR,1,25.329583,-80.799417,16.39,18.3,21,2,1,0.225,0.069,0.358,-9999,7124.4,647.7,688.2,172.3,516.0,277.1,59.2,218.4,25.0,75.0,131.3,71.2,64.1,41.3
Wet2015,MPR_2,MPR,1,25.321750,-80.797778,15.53,26.3,21,2,1,0.286,0.002,-9999,-9999,11226.3,1978.7,1319.9,394.8,925.1,304.3,81.7,228.8,29.9,70.1,121.3,20.0,72.6,28.7
Wet2015,MPR_3,MPR,1,25.314333,-80.797861,14.71,28.7,11,2,1,0.232,0.005,0.318,0.052,4965.5,373.9,618.7,199.5,419.2,153.8,59.8,96.2,32.2,67.8,139.2,19.9,72.3,14.6
Wet2015,MPR_4,MPR,1,25.306917,-80.797861,13.90,29.3,26,2,1,0.196,0.034,-9999,-9999,6908.5,1978.7,837.8,213.9,623.9,133.2,41.0,94.7,25.5,74.5,81.6,39.3,67.9,11.8
Wet2015,MPR_5,MPR,1,25.299778,-80.797944,13.16,34.7,11,2,1,0.187,0.004,0.282,0.062,6476.7,1295.3,570.1,203.1,367.0,237.3,47.4,195.6,35.6,64.4,297.3,187.4,114.6,88.2
Wet2015,MPR_6,MPR,1,25.293250,-80.797667,12.44,42.7,14,2,1,0.243,0.046,0.299,0.111,10578.6,747.9,849.1,630.1,219.1,332.9,685.4,364.0,74.2,25.8,200.9,69.8,92.7,36.6
Wet2015,MPR_7,MPR,1,25.285833,-80.797861,11.56,46.3,37,2,1,0.249,0.008,1.023,0.377,10794.5,1978.7,300.0,132.7,167.3,12.5,9.1,8.6,44.2,55.8,410.4,38.8,125.2,23.4
Wet2015,MPR_8,MPR,1,25.278639,-80.797917,10.77,46.0,34,2,1,0.261,0.001,2.611,2.124,10794.5,747.9,434.0,241.5,192.5,35.3,19.1,17.8,55.6,44.4,584.5,36.2,239.4,25.3
Wet2015,MPR_9,MPR,1,25.264056,-80.799472,9.15,32.3,97,3,5,0.584,0.005,1.410,0.547,-9999,-9999,13.4,11.6,1.8,2.6,2.1,0.6,86.9,13.1,1583.1,218.3,573.2,199.6
Wet2015,MPR_10,MPR,1,25.253972,-80.797667,8.09,10.5,1,1,0,1.452,0.002,-9999,-9999,-9999,-9999,-9999,-9999,-9999,-9999,-9999,-9999,-9999,-9999,-9999,-9999,-9999,-9999
Wet2015,MPR_11,MPR,1,25.240194,-80.809806,6.37,22.0,101,3,5,1.195,0.016,-9999,-9999,-9999,-9999,14.6,12.6,2.0,8.2,7.1,1.1,86.4,13.6,1935.8,631.7,509.5,92.9
Wet2015,MPR_12,MPR,1,25.230583,-80.825694,7.75,25.0,101,3,4,5.790,0.030,9.677,0.474,4965.5,1629.9,113.8,93.1,20.7,82.6,80.9,3.2,81.8,18.2,1244.8,491.8,523.9,236.4
Wet2015,MPR_13,MPR,1,25.223694,-80.837139,5.42,33.7,101,3,5,7.287,0.021,11.207,0.045,-9999,-9999,33.2,27.1,6.1,7.2,6.4,0.9,81.7,18.3,836.4,141.7,555.9,177.2
Wet2015,SAL_1N,SAL1,2,25.315200,-80.74263,16.70,32.0,26,2,1,0.618,0.043,1.626,0.281,14248.7,2243.6,874.7,291.0,583.7,129.1,37.3,93.1,33.3,66.7,193.6,34.7,69.7,34.7
Wet2015,SAL_1C,SAL1,2,25.273250,-80.744833,12.01,45.7,22,2,1,0.782,0.015,1.751,0.220,9067.4,1295.3,415.4,143.7,271.7,65.0,14.0,61.1,34.6,65.4,214.2,83.8,76.7,22.1
Wet2015,SAL_1S,SAL1,2,25.262717,-80.747117,10.84,45.3,49,2,1,0.986,0.008,1.552,0.039,9067.4,4670.4,547.8,177.5,370.2,397.6,127.8,269.8,32.4,67.6,185.7,37.5,68.9,13.8
Wet2015,SAL_1SS1,SAL1,2,25.239783,-80.750783,9.77,55.0,67,3,3,0.825,0.005,1.846,0.093,2590.7,0.0,34.0,28.8,5.1,27.1,22.9,4.2,84.9,15.1,762.6,496.5,344.7,50.5
Wet2015,SAL_1SS2,SAL1,2,25.229917,-80.755217,7.76,35.0,101,3,4,1.359,0.050,12.530,1.094,2590.7,1295.3,47.9,40.4,7.5,40.8,35.8,5.0,84.3,15.7,1082.1,118.3,367.7,36.0
Wet2015,SAL_2N,SAL2,4,25.262967,-80.611967,6.94,18.7,80,2,1,0.768,0.022,16.000,0.500,4749.6,747.9,339.1,131.7,207.4,29.1,14.9,15.9,38.8,61.2,295.9,90.0,60.7,37.2
Wet2015,SAL_2C,SAL2,4,25.252583,-80.608533,5.48,20.0,93,2,1,1.321,0.040,31.000,0.700,6908.5,747.9,326.5,103.5,223.0,95.1,26.0,69.5,31.7,68.3,347.5,21.0,115.6,34.3
Wet2015,SAL_2S,SAL2,4,25.241000,-80.604067,4.40,31.7,93,2,1,5.227,0.055,26.000,3.700,-9999,-9999,33.9,6.2,27.8,28.6,4.8,23.8,18.2,81.8,160.0,55.8,63.4,7.9
Wet2015,SAL_2SS1,SAL2,4,25.230933,-80.603217,3.15,11.0,101,2,1,5.093,0.136,37.543,4.658,-9999,-9999,-9999,-9999,-9999,-9999,-9999,-9999,-9999,-9999,-9999,-9999,-9999,-9999
Wet2015,SAL_3N,SAL3,5,25.277750,-80.555683,7.22,21.3,101,2,1,0.688,0.079,15.357,1.736,8203.8,2696.5,488.7,158.1,330.5,214.2,71.2,143.0,32.4,67.6,218.9,11.0,53.8,11.2
Wet2015,SAL_3C,SAL3,5,25.266783,-80.555933,6.01,40.3,101,2,1,1.712,0.169,22.757,5.714,-9999,-9999,78.4,27.4,51.0,12.3,1.8,11.5,34.9,65.1,210.7,54.4,112.5,23.3
Wet2015,SAL_3S,SAL3,5,25.255467,-80.555683,4.76,13.7,38,2,1,2.573,0.066,32.967,0.570,-9999,-9999,140.7,24.5,116.2,15.4,3.2,12.3,17.4,82.6,63.9,33.5,66.8,8.0
Wet2015,SAL_4N,SAL4,6,25.273283,-80.473467,6.81,34.0,101,2,1,0.590,0.012,1.580,0.076,10794.5,1495.7,1018.0,284.7,733.4,116.8,33.7,83.7,28.0,72.0,210.7,83.4,76.5,10.0
Wet2015,SAL_4C,SAL4,6,25.252717,-80.470083,4.68,26.7,101,2,0,2.064,0.015,23.060,3.078,-9999,-9999,54.2,18.2,35.9,22.8,6.3,16.5,33.7,66.3,810.6,482.0,179.6,20.6
Wet2015,SAL_4S,SAL4,6,25.246117,-80.467317,2.91,28.7,101,2,0,17.110,0.049,37.590,12.220,-9999,-9999,-9999,-9999,-9999,-9999,-9999,-9999,-9999,-9999,-9999,-9999,-9999,-9999
Wet2015,SAL_5W,SAL5,7,25.330117,-80.424617,5.00,27.7,73,2,1,1.102,0.013,14.200,3.320,9499.1,1978.7,1274.0,328.6,945.4,519.1,107.0,412.3,25.8,74.2,100.0,11.2,58.1,19.6
Wet2015,SAL_5N,SAL5,7,25.3167833,-80.40525,2.90,67.7,101,2,1,6.447,0.193,19.940,5.200,-9999,-9999,80.6,23.2,57.4,12.2,3.3,9.1,28.7,71.3,187.8,60.6,95.1,18.4
Wet2015,SAL_5C,SAL5,7,25.3114167,-80.40125,2.28,52.7,101,2,1,9.207,0.237,29.590,8.460,-9999,-9999,103.7,22.6,81.1,24.9,4.1,20.8,21.8,78.2,101.9,18.8,78.5,10.2
Wet2015,SAL_5S,SAL5,7,25.306217,-80.402533,1.81,38.7,101,2,1,4.129,0.138,35.050,8.060,-9999,-9999,176.4,30.1,146.2,15.3,2.1,13.3,17.1,82.9,48.3,5.0,63.5,6.4
Wet2015,SAL_6N,SAL6,7,25.251883,-80.667933,6.79,21.0,69,2,1,0.332,0.012,1.832,0.162,9067.4,1295.3,660.1,183.3,476.8,374.3,89.5,285.4,27.8,72.2,127.3,48.9,165.7,161.9
Wet2015,SAL_6S,SAL6,3,25.231183,-80.664467,4.50,23.7,100,4,4,2.301,0.130,34.243,3.283,3886.0,1295.3,168.8,61.7,107.1,80.2,28.8,52.4,36.6,63.4,474.2,122.8,207.5,28.4
Wet2015,SAL_6SS1,SAL6,3,25.218750,-80.663617,3.18,30.3,90,4,1,5.057,0.045,32.720,4.076,-9999,-9999,-9999,-9999,-9999,-9999,-9999,-9999,-9999,-9999,-9999,-9999,-9999,-9999
Wet2015,SAL_6SS2,SAL6,3,25.208117,-80.660683,1.98,31.7,101,2,4,8.447,0.161,21.443,1.149,3886.0,1295.3,168.1,129.6,38.6,71.5,62.9,18.1,77.1,22.9,731.9,242.1,367.3,85.7
